0.076 0.779 0.438 0.723 0.977 0.538 0.501 0.072 0.268 0.499 0.679 0.803 0.380 0.065 0.288 0.909 0.213 0.452 0.931 0.024
0.600 0.950 0.230 0.548 0.909 0.133 0.523 0.750 0.669 0.467 0.204 0.490 0.372 0.477 0.365 0.837 0.768 0.313 0.572 0.276
0.452 0.352 0.657 0.370 0.459 0.719 0.412 0.906 0.180 0.741 0.422 0.426 0.634 0.522 0.414 0.001 0.092 0.709 0.524 0.696
0.955 0.682 0.053 0.308 0.592 0.235 0.964 0.945 0.848 0.472 0.841 0.131 0.308 0.462 0.741 0.485 0.136 0.343 0.324 0.300
0.165 0.414 0.448 0.774 0.796 0.522 0.460 0.778 0.887 0.674 0.800 0.939 0.040 0.875 0.276 0.475 0.796 0.717 0.147 0.658
0.069 0.357 0.812 0.427 0.599 0.728 0.821 0.760 0.007 0.420 0.463 0.055 0.541 0.607 0.828 0.941 0.128 0.230 0.659 0.132
0.224 0.574 0.169 0.782 0.856 0.033 0.532 0.796 0.975 0.274 0.169 0.876 0.909 0.197 0.441 0.719 0.845 0.168 0.664 0.807
0.549 0.164 0.035 0.281 0.807 0.044 0.008 0.361 0.063 0.149 0.023 0.524 0.696 0.427 0.134 0.331 0.590 0.940 0.992 0.241
0.010 0.830 0.926 0.458 0.771 0.866 0.609 0.872 0.023 0.271 0.277 0.120 0.910 0.030 0.672 0.071 0.360 0.418 0.181 0.521
0.534 0.317 0.737 0.160 0.192 0.354 0.378 0.206 0.918 0.828 0.106 0.369 0.232 0.451 0.276 0.501 0.922 0.382 0.650 0.595
0.076 0.779 0.438 0.723 0.977 0.538 0.501 0.072 0.268 0.499 0.679 0.803 0.380 0.065 0.288 0.909 0.213 0.452 0.931 0.024 0.600 0.950 0.230 0.548 0.909 0.133 0.523 0.750 0.669 0.467
0.204 0.490 0.372 0.477 0.365 0.837 0.768 0.313 0.572 0.276 0.452 0.352 0.657 0.370 0.459 0.719 0.412 0.906 0.180 0.741 0.422 0.426 0.634 0.522 0.414 0.001 0.092 0.709 0.524 0.696
0.955 0.682 0.053 0.308 0.592 0.235 0.964 0.945 0.848 0.472 0.841 0.131 0.308 0.462 0.741 0.485 0.136 0.343 0.324 0.300 0.165 0.414 0.448 0.774 0.796 0.522 0.460 0.778 0.887 0.674
0.800 0.939 0.040 0.875 0.276 0.475 0.796 0.717 0.147 0.658 0.069 0.357 0.812 0.427 0.599 0.728 0.821 0.760 0.007 0.420 0.463 0.055 0.541 0.607 0.828 0.941 0.128 0.230 0.659 0.132
0.224 0.574 0.169 0.782 0.856 0.033 0.532 0.796 0.975 0.274 0.169 0.876 0.909 0.197 0.441 0.719 0.845 0.168 0.664 0.807 0.549 0.164 0.035 0.281 0.807 0.044 0.008 0.361 0.063 0.149
0.023 0.524 0.696 0.427 0.134 0.331 0.590 0.940 0.992 0.241 0.010 0.830 0.926 0.458 0.771 0.866 0.609 0.872 0.023 0.271 0.277 0.120 0.910 0.030 0.672 0.071 0.360 0.418 0.181 0.521
0.534 0.317 0.737 0.160 0.192 0.354 0.378 0.206 0.918 0.828 0.106 0.369 0.232 0.451 0.276 0.501 0.922 0.382 0.650 0.595 0.751 0.061 0.744 0.946 0.603 0.287 0.672 0.712 0.656 0.146
0.973 0.955 0.424 0.593 0.039 0.988 0.818 0.636 0.761 0.188 0.307 0.246 0.596 0.091 0.895 0.462 0.444 0.104 0.684 0.816 0.629 0.242 0.785 0.145 0.827 0.580 0.289 0.513 0.628 0.258
0.846 0.421 0.892 0.835 0.099 0.646 0.310 0.754 0.542 0.457 0.895 0.057 0.557 0.327 0.035 0.753 0.561 0.894 0.598 0.337 0.985 0.115 0.052 0.732 0.370 0.361 0.876 0.327 0.888 0.643
0.329 0.059 0.245 0.968 0.405 0.160 0.298 0.899 0.164 0.777 0.134 0.961 0.530 0.043 0.930 0.358 0.731 0.523 0.092 0.106 0.149 0.161 0.052 0.047 0.948 0.091 0.508 0.118 0.214 0.763
